9483
345
4569
9372
6431
359
6914
2556
8149
5128
8162
8974
9029
4739
6789
1866
1174
3630
7312
2487
677
7902
9786
3987
2193
4358
8241
3391
3622
6560
9770
1671
5973
4394
5993
3264
9516
4344
8857
2570
6903
8200
2296
3620
6386
5874
6370
8190
8745
1085
6985
7674
879
1759
4238
3388
2983
5741
1566
4625
6323
3360
2684
539
3687
1321
5031
9594
7192
8939
3847
471
7190
6902
7242
554
787
9844
2933
3083
4639
7388
3161
4901
578
8341
8276
5750
1780
7140
8241
9076
4285
5462
3773
2602
9156
5081
5703
191
4742
1460
4083
1143
5718
7623
9386
8435
9115
414
7554
228
8442
6863
7510
8285
1616
3650
8738
2886
6332
304
6365
5661
4136
8660
3282
7767
7954
3695
3773
7796
8075
8968
9711
2256
6107
4704
8414
5141
4142
434
4797
254
9119
4009
2403
8039
7088
8013
8970
4320
403
1429
8022
1472
6200
4048
5903
3366
2292
2079
6493
4875
1402
5082
6384
8915
168
6482
7561
2211
5361
3622
4761
8156
1458
816
3956
3973
5924
4311
2304
8263
1597
2119
4112
5185
754
5293
4488
284
3597
236
7292
6457
4135
8878
4633
8183
4147
5812
3136
2545
9831
3742
8570
1571
7591
1158
8221
413
2080
1926
9898
6192
2478
3834
8671
7077
6282
1664
7296
2605
7555
6492
621
1635
583
3912
7103
2814
6463
8361
8085
9266
8645
1388
70
2790
6354
8447
3986
5153
5672
1837
3002
2846
4921
4689
728
7854
8595
3900
7899
5436
5064
8785
2691
9083
622
1085
4902
6620
1487
7140
1309
4316
5166
9942
2031
6090
5015
2257
9543
646
6817
7296
9604
6181
5060
7041
3757
9505
1953
7589
9311
30
130
6544
3444
9367
462
816
3698
8118
1049
7530
3597
6322
1718
7231
3850
6915
6954
9134
4305
177
6959
4724
6445
7338
1457
2014
4564
4963
6584
335
1838
598
6499
493
500
6793
8989
5413
9750
8623
5615
7711
5784
5496
2514
1900
6586
964
2655
507
1683
7205
6549
300
809
561
5637
3740
1520
5318
3613
5614
573
3961
2048
1275
2709
759
5007
4400
2983
2156
2390
8646
8946
9698
2325
2783
436
5137
3001
2076
7633
517
8327
4892
7692
4893
9492
1614
5877
3024
6388
9351
2015
1706
2861
5199
9340
9348
5591
854
8232
4385
7554
293
9519
1860
2340
1102
8476
2975
478
293
5999
1735
7897
2792
1337
6771
8818
7674
7031
6291
3680
6013
9513
7070
5998
7725
494
9715
2649
9882
702
4321
7
3838
8339
9778
2578
9309
261
2770
8080
7625
465
1325
7200
2565
7557
742
8067
4690
6266
2309
4949
1077
1359
5272
71
4201
2462
8026
6810
5409
8781
1408
7369
166
6371
1600
2563
4638
4404
8413
7892
3966
6827
6029
7984
3462
5012
2027
1355
9386
9859
8824
5464
3826
4180
2093
3691
2807
1488
4283
2349
1677
7416
9828
2668
5168
1649
978
188
9191
6413
212
1150
470
7410
9386
4524
9359
2681
9910
8334
6376
1733
4546
780
9351
6157
8736
8896
2042
4232
7660
4038
5076
3316
78
4100
9522
1971
4396
8016
4843
8211
9260
3379
6837
8505
1783
3640
9205
6297
2026
6192
9102
4404
741
4853
8059
1070
3046
9737
3255
4058
4960
9498
3257
7189
6020
4660
2606
3388
4386
6020
6447
3051
4601
885
81
9011
2794
6664
1339
1911
8667
4884
8673
3124
6935
6440
847
5818
5250
9625
3810
3899
6747
5229
2817
2270
10
3906
9001
1744
4104
1627
2565
9273
5710
7048
380
8582
4790
6002
9861
2072
4206
3776
4293
8441
3467
9256
3561
4998
5465
4533
1087
2237
5793
2865
5215
3540
2547
3104
1959
7187
5907
4442
6387
7568
5072
4434
5724
6838
8847
9991
2039
9952
8662
7990
1582
9127
725
3946
6172
2726
6671
1426
7810
3910
7653
8989
5719
6875
148
5476
2028
7258
3173
163
2284
9109
5122
6694
1746
6677
9225
3309
7766
2563
9096
7932
3440
3523
4296
8401
1229
8813
5799
4434
4558
9433
1805
1506
8829
7126
5840
1456
75
9303
6131
5405
3493
4348
2585
9944
6837
9608
6488
2839
1941
8276
5608
5812
7854
1247
6106
5425
3518
3824
2053
5194
4680
5498
4908
8774
2134
9658
7884
3641
4521
8768
8097
1833
8145
7144
9064
6635
552
8692
5551
5562
5256
8712
6345
6291
6365
3457
2158
9567
9813
7794
7119
1054
8964
8589
7334
7053
3124
1755
171
4995
6490
4920
8548
5678
1012
2398
4308
7141
5406
5516
6020
4617
9667
7890
2528
349
3249
4156
856
351
1589
409
8822
146
1894
8822
4527
697
3374
3964
2738
7554
9298
3395
9310
3853
6306
6305
4097
2888
2108
3716
1098
5496
4155
1159
8832
4342
9821
3828
4412
3859
7955
9430
3984
1498
9425
3258
6219
7040
1205
242
7605
5338
2212
773
3940
3692
4304
1879
4322
8969
7222
176
5141
2300
6931
6667
2030
8642
2167
8717
7053
4369
2370
5184
4849
6729
1994
380
478
8598
6319
7217
1895
3295
6662
435
3867
1870
5505
5201
4283
3836
2383
8308
3433
6825
4288
7681
4045
7684
6817
5948
7265
4205
1462
457
2684
6661
9989
4047
1020
2670
3727
1308
876
7621
8602
8687
6773
5304
1321
1670
9825
3061
1485
772
8715
1361
3316
4750
2321
8786
9728
4291
2363
1066
6691
3878
8742
448
8918
1321
1241
7324
4233
2264
7465
2111
2388
8527
5400
4765
3116
9192
3800
4520
4818
5221
3709
7034
5605
4934
9200
6959
4152
9960
7919
6156
9870
3995
6034
6928
817
8814
5033
5717
4226
4552
8818
1427
810
3669
470
466
2367
9612
963
4249
4835
4890
2980
440
343
61
8604
2958
1932
1694
6817
7208
8010
2363
8341
247
8873
5744
9041
5037
2956
4226
8442
2147
2975
5623
5797
5898
2005
6150
5734
7244
7108
5863
3620
6638
1228
294
793
1925
5330
8857
4101
417
139
2875
1922
6890
995
9988
6979
6358
6302
1879
9173
7093
2950
6569
2919
809
1459
3657
4262
693
9128
7424
1617
2336
9018
8357
5372
662
508
2733
3215
8092
2501
3614
9998
4157
371
8127
4580
9254
7193
8254
5192
9323
8964
3389
6162
7972
8411
7594
8407
8631
4436
7193
1519
19
4228
6496
6008
2806
8031
8814
2628
4524
8557
2249
749
8276
1197
7540
248
3665
6179
649
439
218
6060
2104
4521
846
611
7580
636
4440
7293
6646
963
4026
2894
4089
4226
873
1246
4177
198
1909
5478
1248
786
1267
6932
743
4451
7337
5823
909
3237
9126
2964
751
9375
6924
9806
740
3290
4762
4436
5068
3903
8394
3309
6116
8685
659
1679
7737
7930
6380
5444
6631
3089
2846
9134
8124
4010
7957
1713
7870
6503
3443
9694
1589
9034
3729
7617
3958
8884
3970
1984
3885
6008
7718
276
9575
4350
6168
5140
873
8116
5972
9788
6545
8655
7433
701
4679
1343
7062
1773
8799
4160
5669
5743
8365
989
3201
7182
6053
9375
7349
3060
4847
8755
6130
7767
4388
3497
1484
7554
2007
5272
5874
8881
5139
1664
4440
3221
4332
3335
2306
4072
580
6661
2784
8059
5486
3579
1569
267
3463
7278
4821
6915
4117
4738
3635
858
2271
8497
4931
5021
599
9467
201
8519
6384
2823
5422
7916
9072
8679
8925
7397
2723
4729
8007
7830
7641
2794
1124
2972
4765
6694
7047
4194
4675
8042
9052
530
6446
1851
8416
2776
9563
5567
1997
8402
6717
8120
6401
7972
1206
8481
1178
1273
1870
3841
4880
2483
6067
4829
9374
6899
5198
8890
7471
4628
6525
2304
3713
1522
6595
1642
8121
9336
2648
6457
1523
1575
4926
6696
7859
4355
4897
6299
4893
4278
1786
2465
1021
1080
1489
3656
6452
9750
12
6975
5921
5471
7912
3702
7
4814
7378
594
368
1298
227
6766
2766
6089
5446
3179
1801
6778
9063
487
5515
8034
6730
4684
4212
3031
981
8127
6250
5144
3227
5001
1680
1413
5158
2594
3506
7627
4897
1497
5195
6968
9103
4208
5539
2092
7018
4548
136
1680
4140
4219
3479
1377
3827
5638
7207
4804
2469
2198
5811
8094
6177
5338
2706
3355
5533
8310
2517
4524
2241
7984
6044
9710
9792
2388
7685
4789
286
3352
3634
1832
2786
8633
6981
3845
5305
2292
2171
1845
3140
1041
8451
5242
4144
8601
8906
4197
6720
3416
4996
5093
3817
3581
808
8362
3354
5679
9096
8359
2517
8154
6940
1061
7294
9191
5722
9364
9600
6073
4788
3756
9958
2164
2431
7106
2797
7368
4267
775
5795
5723
5459
9082
3339
564
755
7358
2993
2851
4081
7382
7620
9391
7674
6028
1877
4216
8394
8289
8811
4490
9750
1183
1520
531
2410
8730
3659
6923
1162
7284
4810
706
3031
3520
5196
2617
801
2991
4137
5622
7427
1238
8815
698
5232
2289
9770
287
4791
592
7726
4619
2277
4191
4580
9634
3752
7748
8431
744
5388
9442
3050
3443
8548
7418
5712
6366
5910
2081
6711
5818
8691
3180
3769
8352
33
3768
1569
9826
3431
5526
15
7455
3845
4931
7464
2917
8670
870
5053
4880
5267
3779
8725
8241
9965
4684
6138
2122
6134
2311
4941
3813
7604
6027
4279
8884
1651
4628
6622
7284
8382
8902
9760
6715
7466
4622
8142
4800
4399
7891
5448
8729
8532
8492
4641
8735
1542
2859
3535
9967
4004
4039
2065
9354
282
4423
8413
8459
4552
3738
8357
7656
2543
2260
981
4034
2712
6579
956
1111
6736
2112
1237
7655
7171
7792
5873
2851
260
8298
8098
4929
7046
931
6214
7180
8442
6293
8958
1369
6374
8702
6315
772
5550
6821
5204
1449
4754
6407
3541
3710
196
4767
3016
9981
8980
5797
1545
4704
2490
701
2840
9397
8990
7744
7552
1393
7655
984
9871
2993
287
724
6578
4251
832
7691
4431
1907
7742
798
6862
7225
4479
3158
3140
8672
8027
3101
9565
4074
9660
6920
1477
7310
6114
5857
7540
4732
8486
6612
6196
9991
7881
4575
5392
2369
8232
1788
3802
2597
7726
2683
985
3629
2966
4552
7358
1971
6411
1133
8033
7285
527
2224
6093
3842
4036
9596
4852
6480
3146
8557
5760
5088
9910
4677
7528
5226
3083
1548
1547
8194
8855
5940
3020
5276
4813
138
2777
4011
5754
9064
5146
7541
1622
4488
9235
1314
6937
9491
4374
2579
6792
6344
7864
1792
2155
9112
1358
7594
6252
3293
7796
6799
8301
9019
8905
4843
8134
5695
1979
1803
107
9444
4954
3965
6886
436
4028
3316
6422
7147
5549
1656
3395
2488
3744
2634
780
7053
5158
1717
7935
3973
569
1327
5396
149
6550
2910
8679
6907
5222
7608
7521
5571
6903
6451
5602
3865
6011
3420
2669
1640
1101
4211
6383
7969
4155
3010
6573
9527
5524
6014
2425
8215
1568
4535
6672
7686
118
554
8644
8562
6094
5925
465
9354
3108
5434
2222
2266
2053
5485
9827
7518
5114
424
3729
6023
7662
6654
6929
6300
7965
8811
2973
2680
2779
8426
645
9329
9181
5937
5440
9337
5256
4791
7600
8077
9541
6790
8959
5435
2750
5996
4635
7040
3240
8283
1452
9855
1580
7519
3758
7982
4068
544
4928
8027
1134
8365
2151
8379
4560
3209
4383
8707
1272
2770
6976
960
8350
8827
9449
9776
2970
7980
1995
6723
8747
464
7108
428
8219
3436
1143
2370
28
1119
4373
3716
3854
8868
7242
8729
8081
3636
3094
2148
7650
6601
9910
5318
6100
5213
7886
1886
2108
7778
5526
8251
568
3419
7102
5475
7292
1574
6223
7900
8107
4813
3280
9479
1023
2082
9521
4316
4566
9864
1576
9280
7097
9824
5206
2644
4905
2017
1940
3240
2488
2577
4255
2620
8130
7664
3982
1414
9174
9332
1468
3087
7557
1134
1926
1384
9797
5371
5282
8139
3954
9703
9546
4076
6450
9612
4996
638
7603
3257
2079
5922
308
2558
652
9594
1021
6883
2022
827
1611
1495
3936
9441
5772
4294
7002
1868
1123
8884
9007
4776
4841
343
5790
6123
6928
1617
7411
6920
9589
1514
2786
7824
9186
2044
5599
4168
2605
5528
2108
2965
7152
2006
5936
6836
805
1225
4161
9894
7406
3041
7806
2601
5455
2090
6539
5714
9785
7618
5209
5173
8211
7992
5729
519
9910
2432
6605
7275
1174
1331
4644
9001
7817
5651
8080
1293
9509
6443
2606
9547
6202
3301
6209
2080
504
6182
451
115
4446
8612
9593
4603
1537
343
7521
8490
2790
7901
4843
8087
9644
6568
9185
4649
6825
8818
6436
5343
1503
8289
8837
5101
6618
6741
4365
8481
57
1181
3562
2724
166
8682
8102
9244
9396
2652
8485
9277
6196
3720
1643
1504
4676
6939
2103
4012
6500
8424
1264
1616
7143
6349
6779
2770
5523
9428
4838
2306
4292
6149
1668
9624
7587
9849
8518
4237
2718
4121
6962
1205
8661
3685
8418
6297
7856
832
8139
5379
9840
8952
7960
7250
241
6740
3539
1630
7272
4791
2800
3301
3935
6993
8198
7396
8282
1348
8843
9121
5157
7219
4619
4037
9868
5687
5220
3031
3606
1867
2816
1779
6239
2263
2288
9770
8433
459
6962
3923
7838
1841
4831
7743
4669
5124
8580
90
4206
7184
6826
5390
3132
8047
3652
609
4254
882
8005
3454
1033
2641
5099
8081
70
1865
7004
5420
4779
3108
3403
9143
569
1687
2871
932
66
932
2800
8272
8772
3520
7319
6598
4375
7231
4050
3406
798
5579
2904
8850
621
4452
9967
8368
7064
4417
9935
3676
5124
8644
7298
1949
1885
9308
2315
3080
9314
1444
2705
3706
4192
3401
4710
3550
442
216
1928
1166
2722
6726
19
6215
4871
121
2992
7045
3418
4884
2639
5981
1150
848
828
346
1309
4565
1617
4062
2641
6584
3832
6106
7734
7790
4139
7578
5017
783
2394
7607
668
1878
5976
7856
5657
9956
2259
6563
5664
8917
8622
3364
2975
7050
3741
9456
6845
8469
4140
6028
8708
8548
6459
2710
6953
3812
5898
3357
9704
438
9837
301
6608
1951
8845
1650
3657
5530
3099
8062
302
4296
3089
165
9194
7704
7735
7317
2931
8689
9759
5812
1582
6124
7662
8145
7485
8494
4967
764
4796
1859
5573
6130
2180
215
868
3777
1785
8237
2877
7690
679
546
2253
2868
4580
9148
9120
8156
81
9373
8719
7098
6034
2259
7988
9008
7112
2417
2917
7212
4824
7256
85
3260
6922
415
6258
3873
7055
259
3180
7595
7279
9367
5924
6116
9951
3164
9804
4042
9820
7499
5232
4964
5126
4687
7265
9557
4140
7921
4826
7134
6256
4571
3569
9806
4470
2094
7756
4549
94
1374
8412
8134
3372
5130
7099
1947
1328
3242
6430
8610
1303
9090
6039
292
4350
2499
7849
1174
9357
865
7736
4793
2808
9407
4717
5245
8653
1381
4596
2386
1323
4276
1794
7454
5952
2544
9158
7963
9500
6828
2442
6328
6871
3572
7766
6575
5228
371
9713
6711
6897
5189
4133
6800
1012
6551
3214
8523
1315
6283
1951
1532
7368
7751
8705
3112
3807
9789
7480
2505
1702
6165
7477
1136
3888
22
9377
7401
1957
4147
5677
6714
426
9138
8723
1734
4344
4665
3304
9038
5324
1905
1777
9591
4266
3773
958
2135
5471
9763
8679
6744
3586
6744
1314
7103
2677
4139
590
918
5614
5959
240
2309
2845
1580
2119
7600
3961
424
8238
4186
4843
5710
9725
4359
902
1512
8540
1230
642
7753
7766
3086
3300
7195
8933
1976
6283
2631
8080
3226
1402
5172
5038
1835
3069
6342
8645
3666
5289
4071
3092
5313
1733
6356
6169
2847
4639
5262
8640
9908
9612
4369
9416
4013
5040
1361
6483
5455
3622
9279
3195
9560
8061
6156
6956
6849
3615
7589
6577
6495
2990
8076
5759
2009
29
7031
9640
6564
9897
6578
9309
5626
883
7743
8931
762
3771
6286
112
488
7977
7335
3810
1701
9371
7428
4621
9177
3510
9564
2511
6717
11
5306
6306
2085
6681
6972
4381
5562
2568
5863
9591
3750
1113
7352
937
9992
8471
629
3007
9160
1721
9266
2155
9653
6872
1136
9445
7337
6472
9136
6275
3630
1364
9493
865
4490
2938
4759
9374
4021
1152
6163
642
6699
6098
7904
1439
1917
5610
6156
2596
4434
4490
2709
6904
235
7512
4852
9513
8468
8999
1892
9153
1495
7406
2385
3889
7786
2135
6155
7949
4728
774
6521
3316
606
9620
7690
4906
8187
4919
3430
5955
8250
415
6467
1118
8317
6032
8309
3548
5167
6439
6445
3468
11
4667
3313
1285
8987
2578
8188
9695
8745
4989
6732
2142
2241
7648
2410
1868
9607
2562
9639
7137
9941
9629
9201
3634
3069
7811
1493
8675
9725
2622
1342
3722
7296
6065
6267
9218
9712
7776
1551
5656
7482
2232
2354
3078
2378
2445
757
1690
7125
9311
6851
8242
6662
1528
8979
8054
512
1860
1337
3537
306
3805
5724
9085
9880
3251
8434
139
814
5428
2760
7708
2800
3709
7582
9535
9420
2829
3583
312
5353
8002
8062
7816
6721
1491
9163
2495
1082
7929
1525
2635
4786
9851
698
2859
1560
1173
6378
8132
7160
2803
2874
6639
5870
511
3924
9342
4188
693
4955
1401
2198
2352
844
5706
1275
4771
3408
8816
7950
8342
78
2372
9106
1594
7165
1526
8324
3707
5447
5138
2642
5473
6922
8997
4874
4755
9320
934
253
5577
318
4243
8194
1404
6897
761
806
6540
5092
6943
9681
8413
2758
6432
6933
3423
9081
3475
9424
6089
7629
3657
2640
546
6107
5346
5238
5611
8590
8716
6371
9948
1131
5033
3823
3449
2977
9467
5384
3697
9515
6223
3383
2547
8723
4756
319
7726
6561
7318
879
1251
64
1403
2119
8793
4498
5401
6823
1933
682
2115
5410
8083
6615
5038
9249
6653
9488
7428
7941
1895
5130
6212
1380
6205
1175
7251
3300
1706
1849
2579
7830
126
2821
9614
362
5738
4850
1056
5408
7067
9952
4751
6319
113
7381
9208
1102
8075
5858
4598
6735
7970
2933
33
2156
7198
2968
1105
6617
9720
5126
9982
1209
8557
7326
6950
9453
827
2432
